                                      
                  [38;2;174;173;134m▄[0m[38;2;184;181;133m▄[0m[38;2;122;115;93m[48;2;204;200;139m▀[0m[38;2;155;145;113m[48;2;228;225;153m▀[0m[38;2;175;166;122m[48;2;243;241;162m▀[0m[38;2;199;192;135m[48;2;244;239;161m▀[0m[38;2;188;185;133m[48;2;218;206;143m▀[0m[38;2;159;157;120m[48;2;199;187;144m▀[0m[38;2;174;167;126m[48;2;231;225;159m▀[0m[38;2;158;155;121m[48;2;223;222;153m▀[0m[38;2;188;187;133m▄[0m[38;2;171;170;123m▄[0m        
               [38;2;185;185;131m▄[0m[38;2;202;201;174m[48;2;239;237;167m▀[0m[38;2;223;222;170m[48;2;231;224;166m▀[0m[38;2;228;224;153m[48;2;235;230;157m▀[0m[38;2;236;230;157m[48;2;251;251;168m▀[0m[38;2;251;250;168m[48;2;252;250;168m▀[0m[38;2;255;255;171m[48;2;238;231;157m▀[0m[38;2;238;234;158m[48;2;231;225;153m▀[0m[38;2;221;210;144m[48;2;229;223;162m▀[0m[38;2;213;197;139m[48;2;237;225;186m▀[0m[38;2;236;229;170m[48;2;230;221;172m▀[0m[38;2;247;247;175m[48;2;204;194;149m▀[0m[38;2;244;243;163m[48;2;210;201;140m▀[0m[38;2;243;243;163m[48;2;205;191;134m▀[0m[38;2;240;240;162m[48;2;217;208;144m▀[0m[38;2;230;230;158m[48;2;233;229;156m▀[0m[38;2;159;159;122m[48;2;185;183;130m▀[0m      
             [38;2;172;171;124m▄[0m[38;2;190;189;137m[48;2;217;214;149m▀[0m[38;2;232;228;155m[48;2;220;214;151m▀[0m[38;2;226;217;149m[48;2;239;231;157m▀[0m[38;2;237;229;175m[48;2;246;242;172m▀[0m[38;2;247;245;174m[48;2;249;249;192m▀[0m[38;2;250;249;167m[48;2;246;245;165m▀[0m[38;2;240;233;159m[48;2;248;248;166m▀[0m[38;2;243;239;161m[48;2;217;213;154m▀[0m[38;2;221;217;156m[48;2;223;206;185m▀[0m[38;2;227;210;188m[48;2;252;229;214m▀[0m[38;2;252;229;215m[48;2;252;229;214m▀[0m[38;2;249;226;212m[48;2;252;229;214m▀[0m[38;2;242;223;199m[48;2;252;229;215m▀[0m[38;2;231;220;172m[48;2;249;228;211m▀[0m[38;2;232;225;158m[48;2;238;221;193m▀[0m[38;2;213;203;141m[48;2;206;194;149m▀[0m[38;2;169;156;112m[48;2;220;211;145m▀[0m[38;2;204;198;138m[48;2;215;210;144m▀[0m[38;2;137;133;99m[48;2;175;174;123m▀[0m     
           [38;2;156;154;119m▄[0m[38;2;168;167;122m[48;2;195;193;153m▀[0m[38;2;207;201;147m[48;2;229;225;184m▀[0m[38;2;221;219;160m[48;2;242;232;161m▀[0m[38;2;227;228;158m[48;2;242;238;158m▀[0m[38;2;244;239;159m[48;2;236;245;170m▀[0m[38;2;249;249;167m[48;2;235;232;157m▀[0m[38;2;241;238;166m[48;2;240;239;161m▀[0m[38;2;247;248;170m[48;2;212;207;156m▀[0m[38;2;216;211;154m[48;2;230;210;193m▀[0m[38;2;214;194;171m[48;2;251;227;211m▀[0m[38;2;251;228;213m[48;2;252;229;213m▀[0m[38;2;252;229;214m[48;2;252;229;214m▀[0m[38;2;252;229;214m[48;2;251;228;213m▀[0m[38;2;252;229;215m[48;2;245;221;205m▀[0m[38;2;252;229;214m[48;2;250;226;210m▀[0m[38;2;252;229;214m[48;2;252;229;215m▀[0m[38;2;252;229;215m[48;2;252;229;214m▀[0m[38;2;244;227;198m[48;2;252;229;215m▀[0m[38;2;240;234;168m[48;2;237;219;190m▀[0m[38;2;218;210;145m[48;2;196;185;140m▀[0m[38;2;187;185;129m[48;2;183;180;127m▀[0m[38;2;142;142;110m[48;2;169;169;121m▀[0m    
          [38;2;163;156;119m▄[0m[38;2;175;172;132m[48;2;214;209;146m▀[0m[38;2;225;223;190m[48;2;233;225;157m▀[0m[38;2;242;233;181m[48;2;240;233;177m▀[0m[38;2;244;239;167m[48;2;250;250;182m▀[0m[38;2;246;247;166m[48;2;237;234;158m▀[0m[38;2;230;232;162m[48;2;214;207;143m▀[0m[38;2;218;223;156m[48;2;165;150;93m▀[0m[38;2;201;192;148m[48;2;151;119;89m▀[0m[38;2;227;205;191m[48;2;218;193;182m▀[0m[38;2;253;230;215m[48;2;251;228;213m▀[0m[38;2;250;228;213m[48;2;245;224;209m▀[0m[38;2;252;229;214m[48;2;251;228;213m▀[0m[38;2;252;229;214m[48;2;252;229;214m▀[0m[38;2;250;227;211m[48;2;252;229;214m▀[0m[38;2;234;210;192m[48;2;253;230;215m▀[0m[38;2;235;208;183m[48;2;249;225;209m▀[0m[38;2;247;223;205m[48;2;238;213;190m▀[0m[38;2;252;229;215m[48;2;247;223;205m▀[0m[38;2;252;229;215m[48;2;252;229;214m▀[0m[38;2;247;227;205m[48;2;252;230;214m▀[0m[38;2;244;240;177m[48;2;222;208;171m▀[0m[38;2;228;228;158m[48;2;195;188;132m▀[0m[38;2;213;213;146m[48;2;238;234;163m▀[0m[38;2;127;125;99m[48;2;172;170;128m▀[0m   
        [38;2;160;160;120m▄[0m[38;2;160;155;124m[48;2;209;200;140m▀[0m[38;2;216;206;145m[48;2;223;218;149m▀[0m[38;2;221;215;147m[48;2;206;195;136m▀[0m[38;2;225;214;148m[48;2;236;231;157m▀[0m[38;2;250;249;169m[48;2;253;254;170m▀[0m[38;2;242;241;165m[48;2;202;195;136m▀[0m[38;2;203;193;137m[48;2;192;175;150m▀[0m[38;2;201;188;155m[48;2;246;224;209m▀[0m[38;2;221;193;163m[48;2;254;231;217m▀[0m[38;2;198;162;127m[48;2;252;229;214m▀[0m[38;2;205;180;162m[48;2;251;228;213m▀[0m[38;2;249;227;213m[48;2;251;229;214m▀[0m[38;2;241;219;205m[48;2;246;223;210m▀[0m[38;2;249;226;212m[48;2;251;228;213m▀[0m[38;2;252;229;214m[48;2;252;229;214m▀[0m[38;2;252;229;214m[48;2;248;225;210m▀[0m[38;2;252;229;214m[48;2;237;213;200m▀[0m[38;2;252;229;215m[48;2;235;210;199m▀[0m[38;2;251;228;212m[48;2;244;220;208m▀[0m[38;2;245;220;200m[48;2;252;229;214m▀[0m[38;2;249;226;209m[48;2;251;228;213m▀[0m[38;2;252;229;214m[48;2;252;229;215m▀[0m[38;2;235;224;179m[48;2;235;220;182m▀[0m[38;2;201;196;135m[48;2;214;205;142m▀[0m[38;2;239;233;173m[48;2;233;228;157m▀[0m[38;2;201;201;150m[48;2;176;176;125m▀[0m   
       [38;2;136;135;104m[48;2;183;183;143m▀[0m[38;2;211;207;144m[48;2;224;216;151m▀[0m[38;2;218;206;145m[48;2;202;194;158m▀[0m[38;2;187;183;141m[48;2;188;185;161m▀[0m[38;2;209;201;139m[48;2;222;231;162m▀[0m[38;2;252;252;169m[48;2;249;249;166m▀[0m[38;2;233;232;157m[48;2;203;194;144m▀[0m[38;2;185;166;142m[48;2;225;200;190m▀[0m[38;2;243;220;206m[48;2;254;231;216m▀[0m[38;2;253;230;215m[48;2;252;229;214m▀[0m[38;2;252;229;214m[48;2;252;229;214m▀[0m[38;2;252;229;214m[48;2;252;228;213m▀[0m[38;2;250;230;216m[48;2;248;237;230m▀[0m[38;2;243;230;224m[48;2;236;220;219m▀[0m[38;2;242;219;209m[48;2;244;215;205m▀[0m[38;2;252;229;214m[48;2;252;230;214m▀[0m[38;2;252;229;214m[48;2;252;229;214m▀[0m[38;2;231;208;192m[48;2;250;228;213m▀[0m[38;2;171;143;118m[48;2;230;202;175m▀[0m[38;2;154;127;99m[48;2;200;162;108m▀[0m[38;2;174;147;131m[48;2;160;108;49m▀[0m[38;2;230;206;193m[48;2;150;119;91m▀[0m[38;2;252;229;215m[48;2;226;202;186m▀[0m[38;2;253;230;215m[48;2;252;229;214m▀[0m[38;2;216;203;167m[48;2;220;205;164m▀[0m[38;2;173;155;111m[48;2;173;157;112m▀[0m[38;2;217;210;145m[48;2;201;193;134m▀[0m[38;2;132;131;96m[48;2;107;104;80m▀[0m   
       [38;2;198;198;150m[48;2;194;193;135m▀[0m[38;2;218;210;152m[48;2;222;217;163m▀[0m[38;2;213;209;197m[48;2;227;226;224m▀[0m[38;2;193;192;164m[48;2;203;202;175m▀[0m[38;2;228;243;172m[48;2;249;248;168m▀[0m[38;2;228;227;149m[48;2;202;196;139m▀[0m[38;2;198;178;155m[48;2;213;190;178m▀[0m[38;2;243;220;207m[48;2;244;222;208m▀[0m[38;2;253;230;214m[48;2;252;229;214m▀[0m[38;2;252;229;214m[48;2;252;230;215m▀[0m[38;2;252;229;214m[48;2;251;230;216m▀[0m[38;2;252;229;214m[48;2;251;228;212m▀[0m[38;2;249;231;219m[48;2;252;229;213m▀[0m[38;2;244;224;213m[48;2;253;230;215m▀[0m[38;2;252;228;214m[48;2;252;229;214m▀[0m[38;2;252;229;214m[48;2;252;229;214m▀[0m[38;2;252;229;214m[48;2;252;229;214m▀[0m[38;2;252;229;214m[48;2;252;229;214m▀[0m[38;2;253;231;217m[48;2;252;229;214m▀[0m[38;2;247;221;202m[48;2;252;230;215m▀[0m[38;2;217;181;142m[48;2;252;229;213m▀[0m[38;2;173;147;122m[48;2;243;220;202m▀[0m[38;2;173;151;135m[48;2;208;187;172m▀[0m[38;2;232;208;187m[48;2;203;188;160m▀[0m[38;2;186;168;139m[48;2;164;151;112m▀[0m[38;2;186;176;123m[48;2;214;208;144m▀[0m[38;2;192;183;128m[48;2;166;156;115m▀[0m    
       [38;2;190;189;141m▀[0m[38;2;209;208;160m[48;2;179;176;137m▀[0m[38;2;230;230;228m[48;2;195;188;170m▀[0m[38;2;218;218;196m[48;2;230;228;219m▀[0m[38;2;239;240;160m[48;2;225;225;163m▀[0m[38;2;173;161;125m[48;2;113;104;78m▀[0m[38;2;231;204;195m[48;2;181;155;150m▀[0m[38;2;241;220;206m[48;2;251;228;214m▀[0m[38;2;252;229;214m[48;2;250;228;215m▀[0m[38;2;245;220;202m[48;2;231;174;123m▀[0m[38;2;255;255;255m[48;2;244;127;9m▀[0m[38;2;255;255;255m[48;2;249;131;12m▀[0m[38;2;255;255;255m[48;2;244;142;39m▀[0m[38;2;241;218;198m[48;2;222;169;116m▀[0m[38;2;252;229;213m[48;2;235;212;195m▀[0m[38;2;252;229;214m[48;2;253;230;215m▀[0m[38;2;252;229;214m[48;2;252;229;214m▀[0m[38;2;252;229;214m[48;2;252;229;214m▀[0m[38;2;252;229;214m[48;2;252;229;214m▀[0m[38;2;252;229;214m[48;2;252;229;214m▀[0m[38;2;252;229;214m[48;2;252;229;214m▀[0m[38;2;252;229;213m[48;2;252;229;214m▀[0m[38;2;236;214;195m[48;2;217;195;184m▀[0m[38;2;192;181;142m[48;2;188;173;148m▀[0m[38;2;181;188;138m[48;2;225;221;156m▀[0m[38;2;208;215;156m[48;2;206;208;157m▀[0m[38;2;144;136;112m[48;2;154;149;130m▀[0m    
         [38;2;175;158;121m▀[0m[38;2;206;179;144m[48;2;175;145;111m▀[0m[38;2;206;192;143m[48;2;191;166;122m▀[0m[38;2;140;124;90m[48;2;203;173;126m▀[0m[38;2;103;84;79m[48;2;104;84;66m▀[0m[38;2;235;209;198m[48;2;149;127;123m▀[0m[38;2;253;232;218m[48;2;253;230;216m▀[0m[38;2;240;182;126m[48;2;246;214;188m▀[0m[38;2;240;136;24m[48;2;228;149;65m▀[0m[38;2;105;185;45m[48;2;105;185;45m▀[0m[38;2;105;185;45m[48;2;105;185;45m▀[0m[38;2;239;123;9m[48;2;226;127;36m▀[0m[38;2;200;156;123m[48;2;221;182;154m▀[0m[38;2;252;230;217m[48;2;252;230;216m▀[0m[38;2;252;229;214m[48;2;252;229;214m▀[0m[38;2;252;229;214m[48;2;252;229;214m▀[0m[38;2;252;229;214m[48;2;255;231;216m▀[0m[38;2;252;229;214m[48;2;250;227;212m▀[0m[38;2;252;230;215m[48;2;212;190;180m▀[0m[38;2;231;202;193m[48;2;180;142;144m▀[0m[38;2;194;159;157m[48;2;187;164;148m▀[0m[38;2;181;169;147m[48;2;189;186;147m▀[0m[38;2;214;206;151m[48;2;212;204;145m▀[0m[38;2;211;210;163m[48;2;202;201;139m▀[0m[38;2;129;127;102m▀[0m    
          [38;2;197;199;152m[48;2;189;192;167m▀[0m[38;2;164;155;116m[48;2;176;177;151m▀[0m[38;2;198;167;124m[48;2;174;152;119m▀[0m[38;2;143;122;93m[48;2;146;132;113m▀[0m[38;2;66;56;50m[48;2;58;51;42m▀[0m[38;2;207;182;174m[48;2;98;83;82m▀[0m[38;2;254;231;217m[48;2;246;221;208m▀[0m[38;2;242;198;161m[48;2;254;232;218m▀[0m[38;2;236;175;123m[48;2;254;233;219m▀[0m[38;2;238;192;153m[48;2;255;234;220m▀[0m[38;2;239;208;186m[48;2;255;233;218m▀[0m[38;2;251;228;214m[48;2;247;223;210m▀[0m[38;2;254;231;216m[48;2;224;201;190m▀[0m[38;2;255;232;217m[48;2;189;168;159m▀[0m[38;2;250;227;213m[48;2;139;123;112m▀[0m[38;2;203;185;173m[48;2;105;88;74m▀[0m[38;2;123;109;102m[48;2;152;124;93m▀[0m[38;2;112;93;83m[48;2;179;155;115m▀[0m[38;2;123;106;85m[48;2;201;195;169m▀[0m[38;2;184;182;151m[48;2;236;235;233m▀[0m[38;2;203;199;183m[48;2;204;194;169m▀[0m[38;2;220;213;150m[48;2;227;223;152m▀[0m[38;2;195;195;137m[48;2;163;163;121m▀[0m     
     [38;2;186;193;192m▄[0m[38;2;196;206;205m▄[0m[38;2;197;209;207m▄[0m[38;2;225;235;234m[48;2;197;211;209m▀[0m[38;2;216;227;226m[48;2;174;186;185m▀[0m[38;2;209;220;220m[48;2;176;187;185m▀[0m[38;2;177;183;174m[48;2;196;202;167m▀[0m[38;2;144;130;103m[48;2;167;161;141m▀[0m[38;2;126;104;98m[48;2;189;144;150m▀[0m[38;2;112;85;88m[48;2;188;141;147m▀[0m[38;2;16;13;14m[48;2;30;24;25m▀[0m[38;2;167;145;139m[48;2;28;23;24m▀[0m[38;2;242;217;205m[48;2;64;53;53m▀[0m[38;2;218;195;184m[48;2;34;28;29m▀[0m[38;2;180;160;152m[48;2;10;8;10m▀[0m[38;2;134;117;113m[48;2;0;0;0m▀[0m[38;2;83;72;70m[48;2;23;18;20m▀[0m[38;2;62;51;49m[48;2;122;92;94m▀[0m[38;2;97;79;67m[48;2;115;93;83m▀[0m[38;2;124;103;81m[48;2;157;134;106m▀[0m[38;2;195;164;120m[48;2;228;212;154m▀[0m[38;2;197;170;125m[48;2;214;205;180m▀[0m[38;2;194;164;124m[48;2;194;170;141m▀[0m[38;2;186;166;145m[48;2;152;126;96m▀[0m[38;2;170;158;144m[48;2;132;118;94m▀[0m[38;2;205;196;144m[48;2;175;172;137m▀[0m[38;2;202;201;145m▀[0m      
  [38;2;167;174;173m▄[0m[38;2;176;187;186m▄[0m[38;2;141;146;146m[48;2;187;199;198m▀[0m[38;2;170;181;180m[48;2;193;207;205m▀[0m[38;2;180;192;191m[48;2;194;208;206m▀[0m[38;2;175;187;185m[48;2;186;200;198m▀[0m[38;2;171;182;181m[48;2;158;169;168m▀[0m[38;2;130;139;138m[48;2;169;181;179m▀[0m[38;2;141;149;143m[48;2;178;189;185m▀[0m[38;2;190;193;147m[48;2;166;168;137m▀[0m[38;2;187;168;159m[48;2;200;165;159m▀[0m[38;2;224;166;173m[48;2;227;168;175m▀[0m[38;2;220;164;170m[48;2;221;164;170m▀[0m[38;2;128;97;101m[48;2;214;159;165m▀[0m[38;2;3;3;5m[48;2;101;76;79m▀[0m[38;2;0;0;0m[48;2;20;15;17m▀[0m[38;2;0;0;0m[48;2;41;31;33m▀[0m[38;2;0;0;2m[48;2;114;86;89m▀[0m[38;2;45;35;37m[48;2;198;149;154m▀[0m[38;2;159;119;124m[48;2;234;185;186m▀[0m[38;2;225;170;175m[48;2;244;211;202m▀[0m[38;2;204;170;166m[48;2;253;229;215m▀[0m[38;2;185;164;139m[48;2;246;224;208m▀[0m[38;2;208;198;144m[48;2;196;182;159m▀[0m[38;2;203;203;160m[48;2;152;150;111m▀[0m[38;2;214;212;154m▄[0m[38;2;192;191;139m▄[0m[38;2;203;204;153m▄[0m        
[38;2;139;144;144m▄[0m[38;2;192;203;202m[48;2;196;209;208m▀[0m[38;2;197;210;209m[48;2;194;208;206m▀[0m[38;2;195;209;207m[48;2;194;208;206m▀[0m[38;2;194;208;206m[48;2;194;208;206m▀[0m[38;2;194;208;206m[48;2;194;208;206m▀[0m[38;2;195;209;207m[48;2;194;208;206m▀[0m[38;2;178;190;189m[48;2;185;198;196m▀[0m[38;2;176;187;186m[48;2;172;184;182m▀[0m[38;2;194;208;206m[48;2;194;207;205m▀[0m[38;2;188;202;200m[48;2;190;204;202m▀[0m[38;2;181;189;176m[48;2;185;192;192m▀[0m[38;2;198;161;155m[48;2;199;160;163m▀[0m[38;2;227;168;175m[48;2;217;163;168m▀[0m[38;2;222;165;171m[48;2;222;166;172m▀[0m[38;2;223;170;174m[48;2;235;200;194m▀[0m[38;2;220;165;170m[48;2;246;214;205m▀[0m[38;2;190;143;148m[48;2;246;212;204m▀[0m[38;2;208;159;163m[48;2;248;218;208m▀[0m[38;2;233;185;186m[48;2;251;227;213m▀[0m[38;2;244;209;201m[48;2;252;230;215m▀[0m[38;2;250;225;212m[48;2;252;229;214m▀[0m[38;2;252;230;215m[48;2;252;229;214m▀[0m[38;2;252;229;214m[48;2;252;229;214m▀[0m[38;2;255;232;217m[48;2;254;231;215m▀[0m[38;2;203;185;173m[48;2;222;202;189m▀[0m[38;2;100;92;83m[48;2;95;86;82m▀[0m[38;2;228;213;185m[48;2;238;217;204m▀[0m[38;2;214;203;172m[48;2;251;229;214m▀[0m[38;2;208;197;172m[48;2;244;222;209m▀[0m[38;2;233;213;200m▄[0m[38;2;216;197;187m▄[0m      
[38;2;156;162;162m[48;2;180;190;189m▀[0m[38;2;199;212;210m[48;2;197;211;209m▀[0m[38;2;194;208;206m[48;2;194;208;206m▀[0m[38;2;194;208;206m[48;2;194;208;206m▀[0m[38;2;194;208;206m[48;2;194;208;206m▀[0m[38;2;194;208;206m[48;2;195;209;207m▀[0m[38;2;190;202;201m[48;2;185;193;194m▀[0m[38;2;187;197;197m[48;2;188;200;199m▀[0m[38;2;171;183;182m[48;2;183;196;195m▀[0m[38;2;187;200;199m[48;2;179;191;189m▀[0m[38;2;193;208;205m[48;2;194;209;207m▀[0m[38;2;186;188;188m[48;2;182;180;180m▀[0m[38;2;216;165;171m[48;2;213;161;167m▀[0m[38;2;222;165;171m[48;2;227;168;174m▀[0m[38;2;223;166;172m[48;2;226;167;173m▀[0m[38;2;237;200;195m[48;2;235;191;189m▀[0m[38;2;253;231;215m[48;2;252;229;214m▀[0m[38;2;252;230;215m[48;2;252;229;214m▀[0m[38;2;252;230;214m[48;2;252;229;214m▀[0m[38;2;252;229;214m[48;2;252;229;214m▀[0m[38;2;252;229;214m[48;2;252;229;214m▀[0m[38;2;252;229;214m[48;2;252;229;214m▀[0m[38;2;252;229;214m[48;2;252;229;214m▀[0m[38;2;252;229;214m[48;2;252;229;214m▀[0m[38;2;253;230;215m[48;2;252;228;214m▀[0m[38;2;236;214;201m[48;2;240;217;204m▀[0m[38;2;98;89;85m[48;2;103;91;88m▀[0m[38;2;225;203;191m[48;2;205;178;171m▀[0m[38;2;248;222;209m[48;2;245;219;207m▀[0m[38;2;252;229;214m[48;2;252;229;214m▀[0m[38;2;252;229;214m[48;2;252;229;214m▀[0m[38;2;245;223;208m[48;2;253;230;214m▀[0m[38;2;218;199;187m[48;2;247;225;210m▀[0m[38;2;204;183;174m▄[0m    
[38;2;192;205;203m[48;2;174;185;183m▀[0m[38;2;194;209;207m[48;2;195;209;207m▀[0m[38;2;187;195;196m[48;2;187;197;197m▀[0m[38;2;185;192;193m[48;2;173;164;173m▀[0m[38;2;194;208;206m[48;2;191;200;200m▀[0m[38;2;196;209;207m[48;2;196;208;206m▀[0m[38;2;180;185;187m[48;2;177;179;182m▀[0m[38;2;190;202;201m[48;2;188;196;197m▀[0m[38;2;193;207;205m[48;2;195;209;207m▀[0m[38;2;176;188;186m[48;2;184;197;195m▀[0m[38;2;190;205;203m[48;2;182;196;194m▀[0m[38;2;184;179;179m[48;2;194;187;187m▀[0m[38;2;225;185;183m[48;2;240;209;200m▀[0m[38;2;224;173;176m[48;2;236;204;196m▀[0m[38;2;226;167;173m[48;2;224;173;176m▀[0m[38;2;227;177;179m[48;2;232;189;187m▀[0m[38;2;248;224;210m[48;2;250;226;212m▀[0m[38;2;252;229;214m[48;2;252;229;214m▀[0m[38;2;252;229;214m[48;2;251;228;213m▀[0m[38;2;252;229;214m[48;2;251;228;213m▀[0m[38;2;252;229;214m[48;2;247;220;208m▀[0m[38;2;251;228;213m[48;2;240;210;201m▀[0m[38;2;248;226;211m[48;2;244;222;208m▀[0m[38;2;245;222;208m[48;2;250;227;212m▀[0m[38;2;245;219;208m[48;2;252;229;214m▀[0m[38;2;237;212;201m[48;2;248;226;211m▀[0m[38;2;110;99;94m[48;2;121;110;104m▀[0m[38;2;215;195;183m[48;2;217;198;185m▀[0m[38;2;254;231;216m[48;2;254;231;216m▀[0m[38;2;252;229;214m[48;2;252;229;214m▀[0m[38;2;252;229;214m[48;2;252;229;214m▀[0m[38;2;252;229;214m[48;2;252;229;214m▀[0m[38;2;253;230;215m[48;2;254;231;216m▀[0m[38;2;226;200;191m[48;2;212;187;179m▀[0m[38;2;103;95;97m▄[0m   
[38;2;141;150;149m[48;2;120;126;126m▀[0m[38;2;190;204;202m[48;2;177;189;187m▀[0m[38;2;193;207;205m[48;2;195;209;207m▀[0m[38;2;174;167;176m[48;2;182;185;188m▀[0m[38;2;181;177;184m[48;2;171;160;169m▀[0m[38;2;194;204;203m[48;2;190;199;199m▀[0m[38;2;172;173;177m[48;2;171;173;177m▀[0m[38;2;185;193;194m[48;2;186;194;195m▀[0m[38;2;194;209;207m[48;2;194;209;207m▀[0m[38;2;193;207;205m[48;2;195;209;207m▀[0m[38;2;177;190;189m[48;2;181;195;193m▀[0m[38;2;192;185;184m[48;2;183;177;177m▀[0m[38;2;243;214;204m[48;2;243;215;205m▀[0m[38;2;252;229;214m[48;2;253;230;215m▀[0m[38;2;246;220;207m[48;2;252;229;214m▀[0m[38;2;250;226;212m[48;2;252;229;214m▀[0m[38;2;252;229;214m[48;2;252;229;214m▀[0m[38;2;252;229;214m[48;2;252;229;214m▀[0m[38;2;247;222;208m[48;2;252;229;214m▀[0m[38;2;235;203;195m[48;2;249;226;211m▀[0m[38;2;239;208;199m[48;2;251;228;214m▀[0m[38;2;249;224;211m[48;2;252;229;214m▀[0m[38;2;252;229;214m[48;2;252;229;214m▀[0m[38;2;252;229;214m[48;2;252;229;214m▀[0m[38;2;252;229;214m[48;2;252;229;214m▀[0m[38;2;249;226;211m[48;2;249;227;212m▀[0m[38;2;123;112;105m[48;2;128;116;110m▀[0m[38;2;219;199;186m[48;2;219;199;187m▀[0m[38;2;254;231;216m[48;2;254;231;216m▀[0m[38;2;252;228;214m[48;2;246;219;207m▀[0m[38;2;250;226;212m[48;2;244;216;205m▀[0m[38;2;252;229;214m[48;2;253;230;215m▀[0m[38;2;255;231;216m[48;2;246;221;208m▀[0m[38;2;190;168;163m[48;2;167;153;153m▀[0m[38;2;126;128;129m[48;2;175;185;185m▀[0m[38;2;111;115;115m[48;2;179;185;185m▀[0m  
 [38;2;162;171;170m[48;2;150;156;155m▀[0m[38;2;191;205;203m[48;2;188;200;198m▀[0m[38;2;190;202;201m[48;2;191;205;203m▀[0m[38;2;165;157;164m[48;2;173;174;178m▀[0m[38;2;183;189;190m[48;2;171;173;176m▀[0m[38;2;175;178;181m[48;2;180;185;187m▀[0m[38;2;187;196;196m[48;2;189;199;199m▀[0m[38;2;194;209;207m[48;2;194;209;206m▀[0m[38;2;194;208;206m[48;2;195;209;207m▀[0m[38;2;188;202;200m[48;2;186;199;198m▀[0m[38;2;171;170;169m[48;2;159;162;160m▀[0m[38;2;240;215;204m[48;2;233;210;199m▀[0m[38;2;253;230;215m[48;2;253;230;215m▀[0m[38;2;248;225;211m[48;2;249;226;212m▀[0m[38;2;250;227;213m[48;2;243;219;207m▀[0m[38;2;252;229;214m[48;2;251;228;214m▀[0m[38;2;252;229;214m[48;2;252;229;214m▀[0m[38;2;252;229;214m[48;2;252;229;214m▀[0m[38;2;252;229;214m[48;2;250;228;213m▀[0m[38;2;252;229;214m[48;2;252;229;214m▀[0m[38;2;252;229;214m[48;2;252;229;214m▀[0m[38;2;252;229;214m[48;2;252;229;214m▀[0m[38;2;252;229;214m[48;2;252;229;214m▀[0m[38;2;252;229;214m[48;2;252;229;214m▀[0m[38;2;250;227;213m[48;2;251;228;213m▀[0m[38;2;131;119;113m[48;2;133;121;114m▀[0m[38;2;218;199;186m[48;2;219;199;187m▀[0m[38;2;252;228;213m[48;2;230;198;191m▀[0m[38;2;232;200;192m[48;2;234;205;196m▀[0m[38;2;249;224;211m[48;2;245;222;208m▀[0m[38;2;250;225;212m[48;2;214;194;190m▀[0m[38;2;204;183;181m[48;2;187;193;193m▀[0m[38;2;169;176;176m[48;2;187;201;199m▀[0m[38;2;194;208;206m[48;2;191;205;203m▀[0m[38;2;194;203;202m[48;2;195;207;206m▀[0m[38;2;162;163;164m[48;2;179;184;184m▀[0m 
 [38;2;105;107;108m[48;2;101;106;106m▀[0m[38;2;175;184;183m[48;2;159;162;164m▀[0m[38;2;193;207;205m[48;2;195;208;206m▀[0m[38;2;187;197;197m[48;2;193;207;205m▀[0m[38;2;167;169;172m[48;2;175;181;182m▀[0m[38;2;186;194;195m[48;2;188;199;198m▀[0m[38;2;192;203;202m[48;2;194;207;205m▀[0m[38;2;194;208;206m[48;2;194;208;206m▀[0m[38;2;195;209;207m[48;2;195;209;207m▀[0m[38;2;181;194;193m[48;2;174;186;184m▀[0m[38;2;151;158;157m[48;2;153;162;160m▀[0m[38;2;221;202;191m[48;2;215;199;189m▀[0m[38;2;254;231;215m[48;2;254;231;215m▀[0m[38;2;252;229;214m[48;2;252;229;214m▀[0m[38;2;241;215;204m[48;2;248;224;210m▀[0m[38;2;247;224;210m[48;2;247;222;209m▀[0m[38;2;253;230;214m[48;2;250;227;212m▀[0m[38;2;245;222;208m[48;2;239;214;202m▀[0m[38;2;247;224;210m[48;2;251;228;213m▀[0m[38;2;252;229;214m[48;2;252;229;214m▀[0m[38;2;252;229;214m[48;2;252;229;214m▀[0m[38;2;252;229;214m[48;2;252;229;214m▀[0m[38;2;252;229;214m[48;2;254;231;216m▀[0m[38;2;251;228;213m[48;2;188;171;161m▀[0m[38;2;186;169;159m[48;2;74;67;64m▀[0m[38;2;61;55;53m[48;2;56;53;51m▀[0m[38;2;184;161;155m[48;2;146;135;133m▀[0m[38;2;206;175;171m[48;2;181;180;177m▀[0m[38;2;213;199;190m[48;2;185;197;194m▀[0m[38;2;188;186;183m[48;2;192;206;204m▀[0m[38;2;182;191;190m[48;2;194;208;206m▀[0m[38;2;184;198;196m[48;2;193;207;205m▀[0m[38;2;178;188;187m[48;2;169;177;177m▀[0m[38;2;151;155;157m[48;2;131;122;129m▀[0m[38;2;190;203;201m[48;2;173;183;182m▀[0m[38;2;182;193;191m[48;2;188;200;199m▀[0m[38;2;152;159;158m▄[0m
 [38;2;125;133;132m[48;2;136;142;142m▀[0m[38;2;161;165;167m[48;2;176;185;185m▀[0m[38;2;188;196;196m[48;2;179;182;184m▀[0m[38;2;195;210;207m[48;2;197;211;209m▀[0m[38;2;185;194;194m[48;2;182;192;192m▀[0m[38;2;179;186;188m[48;2;161;162;166m▀[0m[38;2;195;209;207m[48;2;189;197;198m▀[0m[38;2;194;208;206m[48;2;194;208;206m▀[0m[38;2;195;209;207m[48;2;194;209;207m▀[0m[38;2;169;181;179m[48;2;175;188;186m▀[0m[38;2;154;164;163m[48;2;160;172;170m▀[0m[38;2;208;195;185m[48;2;191;184;177m▀[0m[38;2;254;231;216m[48;2;247;224;210m▀[0m[38;2;252;229;214m[48;2;252;229;214m▀[0m[38;2;252;229;214m[48;2;252;229;214m▀[0m[38;2;252;228;214m[48;2;251;228;214m▀[0m[38;2;240;216;204m[48;2;232;206;196m▀[0m[38;2;242;217;205m[48;2;247;223;209m▀[0m[38;2;252;229;214m[48;2;252;230;216m▀[0m[38;2;252;229;214m[48;2;252;229;214m▀[0m[38;2;253;230;215m[48;2;240;218;204m▀[0m[38;2;250;227;212m[48;2;173;159;150m▀[0m[38;2;209;191;179m[48;2;144;145;141m▀[0m[38;2;119;112;108m[48;2;172;182;180m▀[0m[38;2;96;99;97m[48;2;182;195;193m▀[0m[38;2;150;158;155m[48;2;182;195;194m▀[0m[38;2;174;185;184m[48;2;189;203;201m▀[0m[38;2;173;185;183m[48;2;187;200;199m▀[0m[38;2;175;188;186m[48;2;186;196;196m▀[0m[38;2;176;188;187m[48;2;190;203;201m▀[0m[38;2;176;188;186m[48;2;187;201;199m▀[0m[38;2;180;193;191m[48;2;181;194;192m▀[0m[38;2;177;185;184m[48;2;182;192;191m▀[0m[38;2;124;116;122m[48;2;143;139;144m▀[0m[38;2;129;133;134m[48;2;64;56;62m▀[0m[38;2;179;190;189m[48;2;160;170;169m▀[0m[38;2;158;167;166m[48;2;163;173;172m▀[0m